/*--------------------------------*- C++ -*----------------------------------*\
  =========                 |
  \\      /  F ield         | OpenFOAM: The Open Source CFD Toolbox
   \\    /   O peration     | Website:  https://openfoam.org
    \\  /    A nd           | Version:  8
     \\/     M anipulation  |
\*---------------------------------------------------------------------------*/
FoamFile
{
    version     2.0;
    format      ascii;
    class       labelList;
    note        "nPoints: 13506 nCells: 6535 nFaces: 26357 nInternalFaces: 12853";
    location    "constant/polyMesh";
    object      neighbour;
}
// * * * * * * * * * * * * * * * * * * * * * * * * * * * * * * * * * * * * * //


12853
(
1
34
1666
2
35
1667
3
36
1668
4
37
1669
5
38
1670
6
39
1671
7
40
1672
8
41
1673
9
42
1674
10
43
1675
11
44
1676
12
45
1677
13
46
1678
14
47
1679
15
48
1680
16
49
1681
17
50
1682
18
51
1683
19
52
1684
20
53
1685
21
54
1686
22
55
1687
23
56
1688
24
57
1689
25
58
1690
26
59
1691
27
60
1692
28
61
1693
29
62
1694
30
63
1695
31
64
1696
32
65
1697
33
66
1698
67
1699
35
68
36
69
37
70
38
71
39
72
40
73
41
74
42
75
43
76
44
77
45
78
46
79
47
80
48
81
49
82
50
83
51
84
52
85
53
86
54
87
55
88
56
89
57
90
58
91
59
92
60
93
61
94
62
95
63
96
64
97
65
98
66
99
67
100
101
69
102
70
103
71
104
72
105
73
106
74
107
75
108
76
109
77
110
78
111
79
112
80
113
81
114
82
115
83
116
84
117
85
118
86
119
87
120
88
121
89
122
90
123
91
124
92
125
93
126
94
127
95
128
96
129
97
130
98
131
99
132
100
133
101
134
135
103
136
104
137
105
138
106
139
107
140
108
141
109
142
110
143
111
144
112
145
113
146
114
147
115
148
116
149
117
150
118
151
119
152
120
153
121
154
122
155
123
156
124
157
125
158
126
159
127
160
128
161
129
162
130
163
131
164
132
165
133
166
134
167
135
168
169
137
170
138
171
139
172
140
173
141
174
142
175
143
176
144
177
145
178
146
179
147
180
148
181
149
182
150
183
151
184
152
185
153
186
154
187
155
188
156
189
157
190
158
191
159
192
160
193
161
194
162
195
163
196
164
197
165
198
166
199
167
200
168
201
169
202
203
171
204
172
205
173
206
174
207
175
208
176
209
177
210
178
211
179
212
180
213
181
214
182
215
183
216
184
217
185
218
186
219
187
220
188
221
189
222
190
223
191
224
192
225
193
226
194
227
195
228
196
229
197
230
198
231
199
232
200
233
201
234
202
235
203
236
237
205
238
206
239
207
240
208
241
209
242
210
243
211
244
212
245
213
246
214
247
215
248
216
249
217
250
218
251
219
252
220
253
221
254
222
255
223
256
224
257
225
258
226
259
227
260
228
261
229
262
230
263
231
264
232
265
233
266
234
267
235
268
236
269
237
270
271
239
272
240
273
241
274
242
275
243
276
244
277
245
278
246
279
247
280
248
281
249
282
250
283
251
284
252
285
253
286
254
287
255
288
256
289
257
290
258
291
259
292
260
293
261
294
262
295
263
296
264
297
265
298
266
299
267
300
268
301
269
302
270
303
271
304
305
273
306
274
307
275
308
276
309
277
310
278
311
279
312
280
313
281
314
282
315
283
316
284
317
285
318
286
319
287
320
288
321
289
322
290
323
291
324
292
325
293
326
294
327
295
328
296
329
297
330
298
331
299
332
300
333
301
334
302
335
303
336
304
337
305
338
339
307
340
308
341
309
342
310
343
311
344
312
345
313
346
314
347
315
348
316
349
317
350
318
351
319
352
320
353
321
354
322
355
323
356
324
357
325
358
326
359
327
360
328
361
329
362
330
363
331
364
332
365
333
366
334
367
335
368
336
369
337
370
338
371
339
372
373
341
374
342
375
343
376
344
377
345
378
346
379
347
380
348
381
349
382
350
383
351
384
352
385
353
386
354
387
355
388
356
389
357
390
358
391
359
392
360
393
361
394
362
395
363
396
364
397
365
398
366
399
367
400
368
401
369
402
370
403
371
404
372
405
373
406
407
375
408
376
409
377
410
378
411
379
412
380
413
381
414
382
415
383
416
384
417
385
418
386
419
387
420
388
421
389
422
390
423
391
424
392
425
393
426
394
427
395
428
396
429
397
430
398
431
399
432
400
433
401
434
402
435
403
436
404
437
405
438
406
439
407
440
441
409
442
410
443
411
444
412
445
413
446
414
447
415
448
416
449
417
450
418
451
419
452
420
453
421
454
422
455
423
456
424
457
425
458
426
459
427
460
428
461
429
462
430
463
431
464
432
465
433
466
434
467
435
468
436
469
437
470
438
471
439
472
440
473
441
474
475
443
476
444
477
445
478
446
479
447
480
448
481
449
482
450
483
451
484
452
485
453
486
454
487
455
488
456
489
457
490
458
491
459
492
460
493
461
494
462
495
463
496
464
497
465
498
466
499
467
500
468
501
469
502
470
503
471
504
472
505
473
506
474
507
475
508
509
477
510
478
511
479
512
480
513
481
514
482
515
483
516
484
517
485
518
486
519
487
520
488
521
489
522
490
523
491
524
492
525
493
526
494
527
495
528
496
529
497
530
498
531
499
532
500
533
501
534
502
535
503
536
504
537
505
538
506
539
507
540
508
541
509
542
543
511
544
512
545
513
546
514
547
515
548
516
549
517
550
518
551
519
552
520
553
521
554
522
555
523
556
524
557
525
558
526
559
527
560
528
561
529
562
530
563
531
564
532
565
533
566
534
567
535
568
536
569
537
570
538
571
539
572
540
573
541
574
542
575
543
576
577
545
578
546
579
547
580
548
581
549
582
550
583
551
584
552
585
553
586
554
587
555
588
556
589
557
590
558
591
559
592
560
593
561
594
562
595
563
596
564
597
565
598
566
599
567
600
568
601
569
602
570
603
571
604
572
605
573
606
574
607
575
608
576
609
577
610
611
579
612
580
613
581
614
582
615
583
616
584
617
585
618
586
619
587
620
588
621
589
622
590
623
591
624
592
625
593
626
594
627
595
628
596
629
597
630
598
631
599
632
600
633
601
634
602
635
603
636
604
637
605
638
606
639
607
640
608
641
609
642
610
643
611
644
645
613
646
614
647
615
648
616
649
617
650
618
651
619
652
620
653
621
654
622
655
623
656
624
657
625
658
626
659
627
660
628
661
629
662
630
663
631
664
632
665
633
666
634
667
635
668
636
669
637
670
638
671
639
672
640
673
641
674
642
675
643
676
644
677
645
678
679
647
680
648
681
649
682
650
683
651
684
652
685
653
686
654
687
655
688
656
689
657
690
658
691
659
692
660
693
661
694
662
695
663
696
664
697
665
698
666
699
667
700
668
701
669
702
670
703
671
704
672
705
673
706
674
707
675
708
676
709
677
710
678
711
679
712
713
681
714
682
715
683
716
684
717
685
718
686
719
687
720
688
721
689
722
690
723
691
724
692
725
693
726
694
727
695
728
696
729
697
730
698
731
699
732
700
733
701
734
702
735
703
736
704
737
705
738
706
739
707
740
708
741
709
742
710
743
711
744
712
745
713
746
747
715
748
716
749
717
750
718
751
719
752
720
753
721
754
722
755
723
756
724
757
725
758
726
759
727
760
728
761
729
762
730
763
731
764
732
765
733
766
734
767
735
768
736
769
737
770
738
771
739
772
740
773
741
774
742
775
743
776
744
777
745
778
746
779
747
780
781
749
782
750
783
751
784
752
785
753
786
754
787
755
788
756
789
757
790
758
791
759
792
760
793
761
794
762
795
763
796
764
797
765
798
766
799
767
800
768
801
769
802
770
803
771
804
772
805
773
806
774
807
775
808
776
809
777
810
778
811
779
812
780
813
781
814
815
783
816
784
817
785
818
786
819
787
820
788
821
789
822
790
823
791
824
792
825
793
826
794
827
795
828
796
829
797
830
798
831
799
832
800
833
801
834
802
835
803
836
804
837
805
838
806
839
807
840
808
841
809
842
810
843
811
844
812
845
813
846
814
847
815
848
849
817
850
818
851
819
852
820
853
821
854
822
855
823
856
824
857
825
858
826
859
827
860
828
861
829
862
830
863
831
864
832
865
833
866
834
867
835
868
836
869
837
870
838
871
839
872
840
873
841
874
842
875
843
876
844
877
845
878
846
879
847
880
848
881
849
882
883
851
884
852
885
853
886
854
887
855
888
856
889
857
890
858
891
859
892
860
893
861
894
862
895
863
896
864
897
865
898
866
899
867
900
868
901
869
902
870
903
871
904
872
905
873
906
874
907
875
908
876
909
877
910
878
911
879
912
880
913
881
914
882
915
883
916
917
885
918
886
919
887
920
888
921
889
922
890
923
891
924
892
925
893
926
894
927
895
928
896
929
897
930
898
931
899
932
900
933
901
934
902
935
903
936
904
937
905
938
906
939
907
940
908
941
909
942
910
943
911
944
912
945
913
946
914
947
915
948
916
949
917
950
951
919
952
920
953
921
954
922
955
923
956
924
957
925
958
926
959
927
960
928
961
929
962
930
963
931
964
932
965
933
966
934
967
935
968
936
969
937
970
938
971
939
972
940
973
941
974
942
975
943
976
944
977
945
978
946
979
947
980
948
981
949
982
950
983
951
984
985
953
986
954
987
955
988
956
989
957
990
958
991
959
992
960
993
961
994
962
995
963
996
964
997
965
998
966
999
967
1000
968
1001
969
1002
970
1003
971
1004
972
1005
973
1006
974
1007
975
1008
976
1009
977
1010
978
1011
979
1012
980
1013
981
1014
982
1015
983
1016
984
1017
985
1018
1019
987
1020
988
1021
989
1022
990
1023
991
1024
992
1025
993
1026
994
1027
995
1028
996
1029
997
1030
998
1031
999
1032
1000
1033
1001
1034
1002
1035
1003
1036
1004
1037
1005
1038
1006
1039
1007
1040
1008
1041
1009
1042
1010
1043
1011
1044
1012
1045
1013
1046
1014
1047
1015
1048
1016
1049
1017
1050
1018
1051
1019
1052
1053
1021
1054
1022
1055
1023
1056
1024
1057
1025
1058
1026
1059
1027
1060
1028
1061
1029
1062
1030
1063
1031
1064
1032
1065
1033
1066
1034
1067
1035
1068
1036
1069
1037
1070
1038
1071
1039
1072
1040
1073
1041
1074
1042
1075
1043
1076
1044
1077
1045
1078
1046
1079
1047
1080
1048
1081
1049
1082
1050
1083
1051
1084
1052
1085
1053
1086
1087
1055
1088
1056
1089
1057
1090
1058
1091
1059
1092
1060
1093
1061
1094
1062
1095
1063
1096
1064
1097
1065
1098
1066
1099
1067
1100
1068
1101
1069
1102
1070
1103
1071
1104
1072
1105
1073
1106
1074
1107
1075
1108
1076
1109
1077
1110
1078
1111
1079
1112
1080
1113
1081
1114
1082
1115
1083
1116
1084
1117
1085
1118
1086
1119
1087
1120
1121
1089
1090
1091
1092
1093
1094
1095
1096
1097
1098
1099
1100
1101
1102
1103
1104
1105
1106
1107
1108
1109
1110
1111
1112
1113
1114
1115
1116
1117
1118
1119
1120
1121
1123
1156
1124
1157
1125
1158
1126
1159
1127
1160
1128
1161
1129
1162
1130
1163
1131
1164
1132
1165
1133
1166
1134
1167
1135
1168
1136
1169
1137
1170
1138
1171
1139
1172
1140
1173
1141
1174
1142
1175
1143
1176
1144
1177
1145
1178
1146
1179
1147
1180
1148
1181
1149
1182
1150
1183
1151
1184
1152
1185
1153
1186
1154
1187
1155
1188
1189
1700
1157
1190
1158
1191
1159
1192
1160
1193
1161
1194
1162
1195
1163
1196
1164
1197
1165
1198
1166
1199
1167
1200
1168
1201
1169
1202
1170
1203
1171
1204
1172
1205
1173
1206
1174
1207
1175
1208
1176
1209
1177
1210
1178
1211
1179
1212
1180
1213
1181
1214
1182
1215
1183
1216
1184
1217
1185
1218
1186
1219
1187
1220
1188
1221
1189
1222
1223
1705
1191
1224
1192
1225
1193
1226
1194
1227
1195
1228
1196
1229
1197
1230
1198
1231
1199
1232
1200
1233
1201
1234
1202
1235
1203
1236
1204
1237
1205
1238
1206
1239
1207
1240
1208
1241
1209
1242
1210
1243
1211
1244
1212
1245
1213
1246
1214
1247
1215
1248
1216
1249
1217
1250
1218
1251
1219
1252
1220
1253
1221
1254
1222
1255
1223
1256
1257
1710
1225
1258
1226
1259
1227
1260
1228
1261
1229
1262
1230
1263
1231
1264
1232
1265
1233
1266
1234
1267
1235
1268
1236
1269
1237
1270
1238
1271
1239
1272
1240
1273
1241
1274
1242
1275
1243
1276
1244
1277
1245
1278
1246
1279
1247
1280
1248
1281
1249
1282
1250
1283
1251
1284
1252
1285
1253
1286
1254
1287
1255
1288
1256
1289
1257
1290
1291
1715
1259
1292
1260
1293
1261
1294
1262
1295
1263
1296
1264
1297
1265
1298
1266
1299
1267
1300
1268
1301
1269
1302
1270
1303
1271
1304
1272
1305
1273
1306
1274
1307
1275
1308
1276
1309
1277
1310
1278
1311
1279
1312
1280
1313
1281
1314
1282
1315
1283
1316
1284
1317
1285
1318
1286
1319
1287
1320
1288
1321
1289
1322
1290
1323
1291
1324
1325
1720
1293
1326
1294
1327
1295
1328
1296
1329
1297
1330
1298
1331
1299
1332
1300
1333
1301
1334
1302
1335
1303
1336
1304
1337
1305
1338
1306
1339
1307
1340
1308
1341
1309
1342
1310
1343
1311
1344
1312
1345
1313
1346
1314
1347
1315
1348
1316
1349
1317
1350
1318
1351
1319
1352
1320
1353
1321
1354
1322
1355
1323
1356
1324
1357
1325
1358
1359
1725
1327
1360
1328
1361
1329
1362
1330
1363
1331
1364
1332
1365
1333
1366
1334
1367
1335
1368
1336
1369
1337
1370
1338
1371
1339
1372
1340
1373
1341
1374
1342
1375
1343
1376
1344
1377
1345
1378
1346
1379
1347
1380
1348
1381
1349
1382
1350
1383
1351
1384
1352
1385
1353
1386
1354
1387
1355
1388
1356
1389
1357
1390
1358
1391
1359
1392
1393
1730
1361
1394
1362
1395
1363
1396
1364
1397
1365
1398
1366
1399
1367
1400
1368
1401
1369
1402
1370
1403
1371
1404
1372
1405
1373
1406
1374
1407
1375
1408
1376
1409
1377
1410
1378
1411
1379
1412
1380
1413
1381
1414
1382
1415
1383
1416
1384
1417
1385
1418
1386
1419
1387
1420
1388
1421
1389
1422
1390
1423
1391
1424
1392
1425
1393
1426
1427
1735
1395
1428
1396
1429
1397
1430
1398
1431
1399
1432
1400
1433
1401
1434
1402
1435
1403
1436
1404
1437
1405
1438
1406
1439
1407
1440
1408
1441
1409
1442
1410
1443
1411
1444
1412
1445
1413
1446
1414
1447
1415
1448
1416
1449
1417
1450
1418
1451
1419
1452
1420
1453
1421
1454
1422
1455
1423
1456
1424
1457
1425
1458
1426
1459
1427
1460
1461
1740
1429
1462
1430
1463
1431
1464
1432
1465
1433
1466
1434
1467
1435
1468
1436
1469
1437
1470
1438
1471
1439
1472
1440
1473
1441
1474
1442
1475
1443
1476
1444
1477
1445
1478
1446
1479
1447
1480
1448
1481
1449
1482
1450
1483
1451
1484
1452
1485
1453
1486
1454
1487
1455
1488
1456
1489
1457
1490
1458
1491
1459
1492
1460
1493
1461
1494
1495
1745
1463
1496
1464
1497
1465
1498
1466
1499
1467
1500
1468
1501
1469
1502
1470
1503
1471
1504
1472
1505
1473
1506
1474
1507
1475
1508
1476
1509
1477
1510
1478
1511
1479
1512
1480
1513
1481
1514
1482
1515
1483
1516
1484
1517
1485
1518
1486
1519
1487
1520
1488
1521
1489
1522
1490
1523
1491
1524
1492
1525
1493
1526
1494
1527
1495
1528
1529
1750
1497
1530
1498
1531
1499
1532
1500
1533
1501
1534
1502
1535
1503
1536
1504
1537
1505
1538
1506
1539
1507
1540
1508
1541
1509
1542
1510
1543
1511
1544
1512
1545
1513
1546
1514
1547
1515
1548
1516
1549
1517
1550
1518
1551
1519
1552
1520
1553
1521
1554
1522
1555
1523
1556
1524
1557
1525
1558
1526
1559
1527
1560
1528
1561
1529
1562
1563
1755
1531
1564
1532
1565
1533
1566
1534
1567
1535
1568
1536
1569
1537
1570
1538
1571
1539
1572
1540
1573
1541
1574
1542
1575
1543
1576
1544
1577
1545
1578
1546
1579
1547
1580
1548
1581
1549
1582
1550
1583
1551
1584
1552
1585
1553
1586
1554
1587
1555
1588
1556
1589
1557
1590
1558
1591
1559
1592
1560
1593
1561
1594
1562
1595
1563
1596
1597
1760
1565
1598
1566
1599
1567
1600
1568
1601
1569
1602
1570
1603
1571
1604
1572
1605
1573
1606
1574
1607
1575
1608
1576
1609
1577
1610
1578
1611
1579
1612
1580
1613
1581
1614
1582
1615
1583
1616
1584
1617
1585
1618
1586
1619
1587
1620
1588
1621
1589
1622
1590
1623
1591
1624
1592
1625
1593
1626
1594
1627
1595
1628
1596
1629
1597
1630
1631
1765
1599
1632
1600
1633
1601
1634
1602
1635
1603
1636
1604
1637
1605
1638
1606
1639
1607
1640
1608
1641
1609
1642
1610
1643
1611
1644
1612
1645
1613
1646
1614
1647
1615
1648
1616
1649
1617
1650
1618
1651
1619
1652
1620
1653
1621
1654
1622
1655
1623
1656
1624
1657
1625
1658
1626
1659
1627
1660
1628
1661
1629
1662
1630
1663
1631
1664
1665
1770
1633
1666
1634
1667
1635
1668
1636
1669
1637
1670
1638
1671
1639
1672
1640
1673
1641
1674
1642
1675
1643
1676
1644
1677
1645
1678
1646
1679
1647
1680
1648
1681
1649
1682
1650
1683
1651
1684
1652
1685
1653
1686
1654
1687
1655
1688
1656
1689
1657
1690
1658
1691
1659
1692
1660
1693
1661
1694
1662
1695
1663
1696
1664
1697
1665
1698
1699
1775
1667
1668
1669
1670
1671
1672
1673
1674
1675
1676
1677
1678
1679
1680
1681
1682
1683
1684
1685
1686
1687
1688
1689
1690
1691
1692
1693
1694
1695
1696
1697
1698
1699
1780
1701
1705
1702
1706
1703
1707
1704
1708
1709
4920
1706
1710
1707
1711
1708
1712
1709
1713
1714
5015
1711
1715
1712
1716
1713
1717
1714
1718
1719
5110
1716
1720
1717
1721
1718
1722
1719
1723
1724
5205
1721
1725
1722
1726
1723
1727
1724
1728
1729
5300
1726
1730
1727
1731
1728
1732
1729
1733
1734
5395
1731
1735
1732
1736
1733
1737
1734
1738
1739
5490
1736
1740
1737
1741
1738
1742
1739
1743
1744
5585
1741
1745
1742
1746
1743
1747
1744
1748
1749
5680
1746
1750
1747
1751
1748
1752
1749
1753
1754
5775
1751
1755
1752
1756
1753
1757
1754
1758
1759
5870
1756
1760
1757
1761
1758
1762
1759
1763
1764
5965
1761
1765
1762
1766
1763
1767
1764
1768
1769
6060
1766
1770
1767
1771
1768
1772
1769
1773
1774
6155
1771
1775
1772
1776
1773
1777
1774
1778
1779
6250
1776
1780
1777
1781
1778
1782
1779
1783
1784
6345
1781
1782
1783
1784
6440
1786
1880
6440
1787
1881
6441
1788
1882
6442
1789
1883
6443
1790
1884
6444
1791
1885
6445
1792
1886
6446
1793
1887
6447
1794
1888
6448
1795
1889
6449
1796
1890
6450
1797
1891
6451
1798
1892
6452
1799
1893
6453
1800
1894
6454
1801
1895
6455
1802
1896
6456
1803
1897
6457
1804
1898
6458
1805
1899
6459
1806
1900
6460
1807
1901
6461
1808
1902
6462
1809
1903
6463
1810
1904
6464
1811
1905
6465
1812
1906
6466
1813
1907
6467
1814
1908
6468
1815
1909
6469
1816
1910
6470
1817
1911
6471
1818
1912
6472
1819
1913
6473
1820
1914
6474
1821
1915
6475
1822
1916
6476
1823
1917
6477
1824
1918
6478
1825
1919
6479
1826
1920
6480
1827
1921
6481
1828
1922
6482
1829
1923
6483
1830
1924
6484
1831
1925
6485
1832
1926
6486
1833
1927
6487
1834
1928
6488
1835
1929
6489
1836
1930
6490
1837
1931
6491
1838
1932
6492
1839
1933
6493
1840
1934
6494
1841
1935
6495
1842
1936
6496
1843
1937
6497
1844
1938
6498
1845
1939
6499
1846
1940
6500
1847
1941
6501
1848
1942
6502
1849
1943
6503
1850
1944
6504
1851
1945
6505
1852
1946
6506
1853
1947
6507
1854
1948
6508
1855
1949
6509
1856
1950
6510
1857
1951
6511
1858
1952
6512
1859
1953
6513
1860
1954
6514
1861
1955
6515
1862
1956
6516
1863
1957
6517
1864
1958
6518
1865
1959
6519
1866
1960
6520
1867
1961
6521
1868
1962
6522
1869
1963
6523
1870
1964
6524
1871
1965
6525
1872
1966
6526
1873
1967
6527
1874
1968
6528
1875
1969
6529
1876
1970
6530
1877
1971
6531
1878
1972
6532
1879
1973
6533
1974
6534
1881
1975
1882
1976
1883
1977
1884
1978
1885
1979
1886
1980
1887
1981
1888
1982
1889
1983
1890
1984
1891
1985
1892
1986
1893
1987
1894
1988
1895
1989
1896
1990
1897
1991
1898
1992
1899
1993
1900
1994
1901
1995
1902
1996
1903
1997
1904
1998
1905
1999
1906
2000
1907
2001
1908
2002
1909
2003
1910
2004
1911
2005
1912
2006
1913
2007
1914
2008
1915
2009
1916
2010
1917
2011
1918
2012
1919
2013
1920
2014
1921
2015
1922
2016
1923
2017
1924
2018
1925
2019
1926
2020
1927
2021
1928
2022
1929
2023
1930
2024
1931
2025
1932
2026
1933
2027
1934
2028
1935
2029
1936
2030
1937
2031
1938
2032
1939
2033
1940
2034
1941
2035
1942
2036
1943
2037
1944
2038
1945
2039
1946
2040
1947
2041
1948
2042
1949
2043
1950
2044
1951
2045
1952
2046
1953
2047
1954
2048
1955
2049
1956
2050
1957
2051
1958
2052
1959
2053
1960
2054
1961
2055
1962
2056
1963
2057
1964
2058
1965
2059
1966
2060
1967
2061
1968
2062
1969
2063
1970
2064
1971
2065
1972
2066
1973
2067
1974
2068
2069
1976
2070
1977
2071
1978
2072
1979
2073
1980
2074
1981
2075
1982
2076
1983
2077
1984
2078
1985
2079
1986
2080
1987
2081
1988
2082
1989
2083
1990
2084
1991
2085
1992
2086
1993
2087
1994
2088
1995
2089
1996
2090
1997
2091
1998
2092
1999
2093
2000
2094
2001
2095
2002
2096
2003
2097
2004
2098
2005
2099
2006
2100
2007
2101
2008
2102
2009
2103
2010
2104
2011
2105
2012
2106
2013
2107
2014
2108
2015
2109
2016
2110
2017
2111
2018
2112
2019
2113
2020
2114
2021
2115
2022
2116
2023
2117
2024
2118
2025
2119
2026
2120
2027
2121
2028
2122
2029
2123
2030
2124
2031
2125
2032
2126
2033
2127
2034
2128
2035
2129
2036
2130
2037
2131
2038
2132
2039
2133
2040
2134
2041
2135
2042
2136
2043
2137
2044
2138
2045
2139
2046
2140
2047
2141
2048
2142
2049
2143
2050
2144
2051
2145
2052
2146
2053
2147
2054
2148
2055
2149
2056
2150
2057
2151
2058
2152
2059
2153
2060
2154
2061
2155
2062
2156
2063
2157
2064
2158
2065
2159
2066
2160
2067
2161
2068
2162
2069
2163
2164
2071
2165
2072
2166
2073
2167
2074
2168
2075
2169
2076
2170
2077
2171
2078
2172
2079
2173
2080
2174
2081
2175
2082
2176
2083
2177
2084
2178
2085
2179
2086
2180
2087
2181
2088
2182
2089
2183
2090
2184
2091
2185
2092
2186
2093
2187
2094
2188
2095
2189
2096
2190
2097
2191
2098
2192
2099
2193
2100
2194
2101
2195
2102
2196
2103
2197
2104
2198
2105
2199
2106
2200
2107
2201
2108
2202
2109
2203
2110
2204
2111
2205
2112
2206
2113
2207
2114
2208
2115
2209
2116
2210
2117
2211
2118
2212
2119
2213
2120
2214
2121
2215
2122
2216
2123
2217
2124
2218
2125
2219
2126
2220
2127
2221
2128
2222
2129
2223
2130
2224
2131
2225
2132
2226
2133
2227
2134
2228
2135
2229
2136
2230
2137
2231
2138
2232
2139
2233
2140
2234
2141
2235
2142
2236
2143
2237
2144
2238
2145
2239
2146
2240
2147
2241
2148
2242
2149
2243
2150
2244
2151
2245
2152
2246
2153
2247
2154
2248
2155
2249
2156
2250
2157
2251
2158
2252
2159
2253
2160
2254
2161
2255
2162
2256
2163
2257
2164
2258
2259
2166
2260
2167
2261
2168
2262
2169
2263
2170
2264
2171
2265
2172
2266
2173
2267
2174
2268
2175
2269
2176
2270
2177
2271
2178
2272
2179
2273
2180
2274
2181
2275
2182
2276
2183
2277
2184
2278
2185
2279
2186
2280
2187
2281
2188
2282
2189
2283
2190
2284
2191
2285
2192
2286
2193
2287
2194
2288
2195
2289
2196
2290
2197
2291
2198
2292
2199
2293
2200
2294
2201
2295
2202
2296
2203
2297
2204
2298
2205
2299
2206
2300
2207
2301
2208
2302
2209
2303
2210
2304
2211
2305
2212
2306
2213
2307
2214
2308
2215
2309
2216
2310
2217
2311
2218
2312
2219
2313
2220
2314
2221
2315
2222
2316
2223
2317
2224
2318
2225
2319
2226
2320
2227
2321
2228
2322
2229
2323
2230
2324
2231
2325
2232
2326
2233
2327
2234
2328
2235
2329
2236
2330
2237
2331
2238
2332
2239
2333
2240
2334
2241
2335
2242
2336
2243
2337
2244
2338
2245
2339
2246
2340
2247
2341
2248
2342
2249
2343
2250
2344
2251
2345
2252
2346
2253
2347
2254
2348
2255
2349
2256
2350
2257
2351
2258
2352
2259
2353
2354
2261
2355
2262
2356
2263
2357
2264
2358
2265
2359
2266
2360
2267
2361
2268
2362
2269
2363
2270
2364
2271
2365
2272
2366
2273
2367
2274
2368
2275
2369
2276
2370
2277
2371
2278
2372
2279
2373
2280
2374
2281
2375
2282
2376
2283
2377
2284
2378
2285
2379
2286
2380
2287
2381
2288
2382
2289
2383
2290
2384
2291
2385
2292
2386
2293
2387
2294
2388
2295
2389
2296
2390
2297
2391
2298
2392
2299
2393
2300
2394
2301
2395
2302
2396
2303
2397
2304
2398
2305
2399
2306
2400
2307
2401
2308
2402
2309
2403
2310
2404
2311
2405
2312
2406
2313
2407
2314
2408
2315
2409
2316
2410
2317
2411
2318
2412
2319
2413
2320
2414
2321
2415
2322
2416
2323
2417
2324
2418
2325
2419
2326
2420
2327
2421
2328
2422
2329
2423
2330
2424
2331
2425
2332
2426
2333
2427
2334
2428
2335
2429
2336
2430
2337
2431
2338
2432
2339
2433
2340
2434
2341
2435
2342
2436
2343
2437
2344
2438
2345
2439
2346
2440
2347
2441
2348
2442
2349
2443
2350
2444
2351
2445
2352
2446
2353
2447
2354
2448
2449
2356
2450
2357
2451
2358
2452
2359
2453
2360
2454
2361
2455
2362
2456
2363
2457
2364
2458
2365
2459
2366
2460
2367
2461
2368
2462
2369
2463
2370
2464
2371
2465
2372
2466
2373
2467
2374
2468
2375
2469
2376
2470
2377
2471
2378
2472
2379
2473
2380
2474
2381
2475
2382
2476
2383
2477
2384
2478
2385
2479
2386
2480
2387
2481
2388
2482
2389
2483
2390
2484
2391
2485
2392
2486
2393
2487
2394
2488
2395
2489
2396
2490
2397
2491
2398
2492
2399
2493
2400
2494
2401
2495
2402
2496
2403
2497
2404
2498
2405
2499
2406
2500
2407
2501
2408
2502
2409
2503
2410
2504
2411
2505
2412
2506
2413
2507
2414
2508
2415
2509
2416
2510
2417
2511
2418
2512
2419
2513
2420
2514
2421
2515
2422
2516
2423
2517
2424
2518
2425
2519
2426
2520
2427
2521
2428
2522
2429
2523
2430
2524
2431
2525
2432
2526
2433
2527
2434
2528
2435
2529
2436
2530
2437
2531
2438
2532
2439
2533
2440
2534
2441
2535
2442
2536
2443
2537
2444
2538
2445
2539
2446
2540
2447
2541
2448
2542
2449
2543
2544
2451
2545
2452
2546
2453
2547
2454
2548
2455
2549
2456
2550
2457
2551
2458
2552
2459
2553
2460
2554
2461
2555
2462
2556
2463
2557
2464
2558
2465
2559
2466
2560
2467
2561
2468
2562
2469
2563
2470
2564
2471
2565
2472
2566
2473
2567
2474
2568
2475
2569
2476
2570
2477
2571
2478
2572
2479
2573
2480
2574
2481
2575
2482
2576
2483
2577
2484
2578
2485
2579
2486
2580
2487
2581
2488
2582
2489
2583
2490
2584
2491
2585
2492
2586
2493
2587
2494
2588
2495
2589
2496
2590
2497
2591
2498
2592
2499
2593
2500
2594
2501
2595
2502
2596
2503
2597
2504
2598
2505
2599
2506
2600
2507
2601
2508
2602
2509
2603
2510
2604
2511
2605
2512
2606
2513
2607
2514
2608
2515
2609
2516
2610
2517
2611
2518
2612
2519
2613
2520
2614
2521
2615
2522
2616
2523
2617
2524
2618
2525
2619
2526
2620
2527
2621
2528
2622
2529
2623
2530
2624
2531
2625
2532
2626
2533
2627
2534
2628
2535
2629
2536
2630
2537
2631
2538
2632
2539
2633
2540
2634
2541
2635
2542
2636
2543
2637
2544
2638
2639
2546
2640
2547
2641
2548
2642
2549
2643
2550
2644
2551
2645
2552
2646
2553
2647
2554
2648
2555
2649
2556
2650
2557
2651
2558
2652
2559
2653
2560
2654
2561
2655
2562
2656
2563
2657
2564
2658
2565
2659
2566
2660
2567
2661
2568
2662
2569
2663
2570
2664
2571
2665
2572
2666
2573
2667
2574
2668
2575
2669
2576
2670
2577
2671
2578
2672
2579
2673
2580
2674
2581
2675
2582
2676
2583
2677
2584
2678
2585
2679
2586
2680
2587
2681
2588
2682
2589
2683
2590
2684
2591
2685
2592
2686
2593
2687
2594
2688
2595
2689
2596
2690
2597
2691
2598
2692
2599
2693
2600
2694
2601
2695
2602
2696
2603
2697
2604
2698
2605
2699
2606
2700
2607
2701
2608
2702
2609
2703
2610
2704
2611
2705
2612
2706
2613
2707
2614
2708
2615
2709
2616
2710
2617
2711
2618
2712
2619
2713
2620
2714
2621
2715
2622
2716
2623
2717
2624
2718
2625
2719
2626
2720
2627
2721
2628
2722
2629
2723
2630
2724
2631
2725
2632
2726
2633
2727
2634
2728
2635
2729
2636
2730
2637
2731
2638
2732
2639
2733
2734
2641
2735
2642
2736
2643
2737
2644
2738
2645
2739
2646
2740
2647
2741
2648
2742
2649
2743
2650
2744
2651
2745
2652
2746
2653
2747
2654
2748
2655
2749
2656
2750
2657
2751
2658
2752
2659
2753
2660
2754
2661
2755
2662
2756
2663
2757
2664
2758
2665
2759
2666
2760
2667
2761
2668
2762
2669
2763
2670
2764
2671
2765
2672
2766
2673
2767
2674
2768
2675
2769
2676
2770
2677
2771
2678
2772
2679
2773
2680
2774
2681
2775
2682
2776
2683
2777
2684
2778
2685
2779
2686
2780
2687
2781
2688
2782
2689
2783
2690
2784
2691
2785
2692
2786
2693
2787
2694
2788
2695
2789
2696
2790
2697
2791
2698
2792
2699
2793
2700
2794
2701
2795
2702
2796
2703
2797
2704
2798
2705
2799
2706
2800
2707
2801
2708
2802
2709
2803
2710
2804
2711
2805
2712
2806
2713
2807
2714
2808
2715
2809
2716
2810
2717
2811
2718
2812
2719
2813
2720
2814
2721
2815
2722
2816
2723
2817
2724
2818
2725
2819
2726
2820
2727
2821
2728
2822
2729
2823
2730
2824
2731
2825
2732
2826
2733
2827
2734
2828
2829
2736
2830
2737
2831
2738
2832
2739
2833
2740
2834
2741
2835
2742
2836
2743
2837
2744
2838
2745
2839
2746
2840
2747
2841
2748
2842
2749
2843
2750
2844
2751
2845
2752
2846
2753
2847
2754
2848
2755
2849
2756
2850
2757
2851
2758
2852
2759
2853
2760
2854
2761
2855
2762
2856
2763
2857
2764
2858
2765
2859
2766
2860
2767
2861
2768
2862
2769
2863
2770
2864
2771
2865
2772
2866
2773
2867
2774
2868
2775
2869
2776
2870
2777
2871
2778
2872
2779
2873
2780
2874
2781
2875
2782
2876
2783
2877
2784
2878
2785
2879
2786
2880
2787
2881
2788
2882
2789
2883
2790
2884
2791
2885
2792
2886
2793
2887
2794
2888
2795
2889
2796
2890
2797
2891
2798
2892
2799
2893
2800
2894
2801
2895
2802
2896
2803
2897
2804
2898
2805
2899
2806
2900
2807
2901
2808
2902
2809
2903
2810
2904
2811
2905
2812
2906
2813
2907
2814
2908
2815
2909
2816
2910
2817
2911
2818
2912
2819
2913
2820
2914
2821
2915
2822
2916
2823
2917
2824
2918
2825
2919
2826
2920
2827
2921
2828
2922
2829
2923
2924
2831
2925
2832
2926
2833
2927
2834
2928
2835
2929
2836
2930
2837
2931
2838
2932
2839
2933
2840
2934
2841
2935
2842
2936
2843
2937
2844
2938
2845
2939
2846
2940
2847
2941
2848
2942
2849
2943
2850
2944
2851
2945
2852
2946
2853
2947
2854
2948
2855
2949
2856
2950
2857
2951
2858
2952
2859
2953
2860
2954
2861
2955
2862
2956
2863
2957
2864
2958
2865
2959
2866
2960
2867
2961
2868
2962
2869
2963
2870
2964
2871
2965
2872
2966
2873
2967
2874
2968
2875
2969
2876
2970
2877
2971
2878
2972
2879
2973
2880
2974
2881
2975
2882
2976
2883
2977
2884
2978
2885
2979
2886
2980
2887
2981
2888
2982
2889
2983
2890
2984
2891
2985
2892
2986
2893
2987
2894
2988
2895
2989
2896
2990
2897
2991
2898
2992
2899
2993
2900
2994
2901
2995
2902
2996
2903
2997
2904
2998
2905
2999
2906
3000
2907
3001
2908
3002
2909
3003
2910
3004
2911
3005
2912
3006
2913
3007
2914
3008
2915
3009
2916
3010
2917
3011
2918
3012
2919
3013
2920
3014
2921
3015
2922
3016
2923
3017
2924
3018
3019
2926
3020
2927
3021
2928
3022
2929
3023
2930
3024
2931
3025
2932
3026
2933
3027
2934
3028
2935
3029
2936
3030
2937
3031
2938
3032
2939
3033
2940
3034
2941
3035
2942
3036
2943
3037
2944
3038
2945
3039
2946
3040
2947
3041
2948
3042
2949
3043
2950
3044
2951
3045
2952
3046
2953
3047
2954
3048
2955
3049
2956
3050
2957
3051
2958
3052
2959
3053
2960
3054
2961
3055
2962
3056
2963
3057
2964
3058
2965
3059
2966
3060
2967
3061
2968
3062
2969
3063
2970
3064
2971
3065
2972
3066
2973
3067
2974
3068
2975
3069
2976
3070
2977
3071
2978
3072
2979
3073
2980
3074
2981
3075
2982
3076
2983
3077
2984
3078
2985
3079
2986
3080
2987
3081
2988
3082
2989
3083
2990
3084
2991
3085
2992
3086
2993
3087
2994
3088
2995
3089
2996
3090
2997
3091
2998
3092
2999
3093
3000
3094
3001
3095
3002
3096
3003
3097
3004
3098
3005
3099
3006
3100
3007
3101
3008
3102
3009
3103
3010
3104
3011
3105
3012
3106
3013
3107
3014
3108
3015
3109
3016
3110
3017
3111
3018
3112
3019
3113
3114
3021
3115
3022
3116
3023
3117
3024
3118
3025
3119
3026
3120
3027
3121
3028
3122
3029
3123
3030
3124
3031
3125
3032
3126
3033
3127
3034
3128
3035
3129
3036
3130
3037
3131
3038
3132
3039
3133
3040
3134
3041
3135
3042
3136
3043
3137
3044
3138
3045
3139
3046
3140
3047
3141
3048
3142
3049
3143
3050
3144
3051
3145
3052
3146
3053
3147
3054
3148
3055
3149
3056
3150
3057
3151
3058
3152
3059
3153
3060
3154
3061
3155
3062
3156
3063
3157
3064
3158
3065
3159
3066
3160
3067
3161
3068
3162
3069
3163
3070
3164
3071
3165
3072
3166
3073
3167
3074
3168
3075
3169
3076
3170
3077
3171
3078
3172
3079
3173
3080
3174
3081
3175
3082
3176
3083
3177
3084
3178
3085
3179
3086
3180
3087
3181
3088
3182
3089
3183
3090
3184
3091
3185
3092
3186
3093
3187
3094
3188
3095
3189
3096
3190
3097
3191
3098
3192
3099
3193
3100
3194
3101
3195
3102
3196
3103
3197
3104
3198
3105
3199
3106
3200
3107
3201
3108
3202
3109
3203
3110
3204
3111
3205
3112
3206
3113
3207
3114
3208
3209
3116
3210
3117
3211
3118
3212
3119
3213
3120
3214
3121
3215
3122
3216
3123
3217
3124
3218
3125
3219
3126
3220
3127
3221
3128
3222
3129
3223
3130
3224
3131
3225
3132
3226
3133
3227
3134
3228
3135
3229
3136
3230
3137
3231
3138
3232
3139
3233
3140
3234
3141
3235
3142
3236
3143
3237
3144
3238
3145
3239
3146
3240
3147
3241
3148
3242
3149
3243
3150
3244
3151
3245
3152
3246
3153
3247
3154
3248
3155
3249
3156
3250
3157
3251
3158
3252
3159
3253
3160
3254
3161
3255
3162
3256
3163
3257
3164
3258
3165
3259
3166
3260
3167
3261
3168
3262
3169
3263
3170
3264
3171
3265
3172
3266
3173
3267
3174
3268
3175
3269
3176
3270
3177
3271
3178
3272
3179
3273
3180
3274
3181
3275
3182
3276
3183
3277
3184
3278
3185
3279
3186
3280
3187
3281
3188
3282
3189
3283
3190
3284
3191
3285
3192
3286
3193
3287
3194
3288
3195
3289
3196
3290
3197
3291
3198
3292
3199
3293
3200
3294
3201
3295
3202
3296
3203
3297
3204
3298
3205
3299
3206
3300
3207
3301
3208
3302
3209
3303
3304
3211
3305
3212
3306
3213
3307
3214
3308
3215
3309
3216
3310
3217
3311
3218
3312
3219
3313
3220
3314
3221
3315
3222
3316
3223
3317
3224
3318
3225
3319
3226
3320
3227
3321
3228
3322
3229
3323
3230
3324
3231
3325
3232
3326
3233
3327
3234
3328
3235
3329
3236
3330
3237
3331
3238
3332
3239
3333
3240
3334
3241
3335
3242
3336
3243
3337
3244
3338
3245
3339
3246
3340
3247
3341
3248
3342
3249
3343
3250
3344
3251
3345
3252
3346
3253
3347
3254
3348
3255
3349
3256
3350
3257
3351
3258
3352
3259
3353
3260
3354
3261
3355
3262
3356
3263
3357
3264
3358
3265
3359
3266
3360
3267
3361
3268
3362
3269
3363
3270
3364
3271
3365
3272
3366
3273
3367
3274
3368
3275
3369
3276
3370
3277
3371
3278
3372
3279
3373
3280
3374
3281
3375
3282
3376
3283
3377
3284
3378
3285
3379
3286
3380
3287
3381
3288
3382
3289
3383
3290
3384
3291
3385
3292
3386
3293
3387
3294
3388
3295
3389
3296
3390
3297
3391
3298
3392
3299
3393
3300
3394
3301
3395
3302
3396
3303
3397
3304
3398
3399
3306
3400
3307
3401
3308
3402
3309
3403
3310
3404
3311
3405
3312
3406
3313
3407
3314
3408
3315
3409
3316
3410
3317
3411
3318
3412
3319
3413
3320
3414
3321
3415
3322
3416
3323
3417
3324
3418
3325
3419
3326
3420
3327
3421
3328
3422
3329
3423
3330
3424
3331
3425
3332
3426
3333
3427
3334
3428
3335
3429
3336
3430
3337
3431
3338
3432
3339
3433
3340
3434
3341
3435
3342
3436
3343
3437
3344
3438
3345
3439
3346
3440
3347
3441
3348
3442
3349
3443
3350
3444
3351
3445
3352
3446
3353
3447
3354
3448
3355
3449
3356
3450
3357
3451
3358
3452
3359
3453
3360
3454
3361
3455
3362
3456
3363
3457
3364
3458
3365
3459
3366
3460
3367
3461
3368
3462
3369
3463
3370
3464
3371
3465
3372
3466
3373
3467
3374
3468
3375
3469
3376
3470
3377
3471
3378
3472
3379
3473
3380
3474
3381
3475
3382
3476
3383
3477
3384
3478
3385
3479
3386
3480
3387
3481
3388
3482
3389
3483
3390
3484
3391
3485
3392
3486
3393
3487
3394
3488
3395
3489
3396
3490
3397
3491
3398
3492
3399
3493
3494
3401
3495
3402
3496
3403
3497
3404
3498
3405
3499
3406
3500
3407
3501
3408
3502
3409
3503
3410
3504
3411
3505
3412
3506
3413
3507
3414
3508
3415
3509
3416
3510
3417
3511
3418
3512
3419
3513
3420
3514
3421
3515
3422
3516
3423
3517
3424
3518
3425
3519
3426
3520
3427
3521
3428
3522
3429
3523
3430
3524
3431
3525
3432
3526
3433
3527
3434
3528
3435
3529
3436
3530
3437
3531
3438
3532
3439
3533
3440
3534
3441
3535
3442
3536
3443
3537
3444
3538
3445
3539
3446
3540
3447
3541
3448
3542
3449
3543
3450
3544
3451
3545
3452
3546
3453
3547
3454
3548
3455
3549
3456
3550
3457
3551
3458
3552
3459
3553
3460
3554
3461
3555
3462
3556
3463
3557
3464
3558
3465
3559
3466
3560
3467
3561
3468
3562
3469
3563
3470
3564
3471
3565
3472
3566
3473
3567
3474
3568
3475
3569
3476
3570
3477
3571
3478
3572
3479
3573
3480
3574
3481
3575
3482
3576
3483
3577
3484
3578
3485
3579
3486
3580
3487
3581
3488
3582
3489
3583
3490
3584
3491
3585
3492
3586
3493
3587
3494
3588
3589
3496
3590
3497
3591
3498
3592
3499
3593
3500
3594
3501
3595
3502
3596
3503
3597
3504
3598
3505
3599
3506
3600
3507
3601
3508
3602
3509
3603
3510
3604
3511
3605
3512
3606
3513
3607
3514
3608
3515
3609
3516
3610
3517
3611
3518
3612
3519
3613
3520
3614
3521
3615
3522
3616
3523
3617
3524
3618
3525
3619
3526
3620
3527
3621
3528
3622
3529
3623
3530
3624
3531
3625
3532
3626
3533
3627
3534
3628
3535
3629
3536
3630
3537
3631
3538
3632
3539
3633
3540
3634
3541
3635
3542
3636
3543
3637
3544
3638
3545
3639
3546
3640
3547
3641
3548
3642
3549
3643
3550
3644
3551
3645
3552
3646
3553
3647
3554
3648
3555
3649
3556
3650
3557
3651
3558
3652
3559
3653
3560
3654
3561
3655
3562
3656
3563
3657
3564
3658
3565
3659
3566
3660
3567
3661
3568
3662
3569
3663
3570
3664
3571
3665
3572
3666
3573
3667
3574
3668
3575
3669
3576
3670
3577
3671
3578
3672
3579
3673
3580
3674
3581
3675
3582
3676
3583
3677
3584
3678
3585
3679
3586
3680
3587
3681
3588
3682
3589
3683
3684
3591
3685
3592
3686
3593
3687
3594
3688
3595
3689
3596
3690
3597
3691
3598
3692
3599
3693
3600
3694
3601
3695
3602
3696
3603
3697
3604
3698
3605
3699
3606
3700
3607
3701
3608
3702
3609
3703
3610
3704
3611
3705
3612
3706
3613
3707
3614
3708
3615
3709
3616
3710
3617
3711
3618
3712
3619
3713
3620
3714
3621
3715
3622
3716
3623
3717
3624
3718
3625
3719
3626
3720
3627
3721
3628
3722
3629
3723
3630
3724
3631
3725
3632
3726
3633
3727
3634
3728
3635
3729
3636
3730
3637
3731
3638
3732
3639
3733
3640
3734
3641
3735
3642
3736
3643
3737
3644
3738
3645
3739
3646
3740
3647
3741
3648
3742
3649
3743
3650
3744
3651
3745
3652
3746
3653
3747
3654
3748
3655
3749
3656
3750
3657
3751
3658
3752
3659
3753
3660
3754
3661
3755
3662
3756
3663
3757
3664
3758
3665
3759
3666
3760
3667
3761
3668
3762
3669
3763
3670
3764
3671
3765
3672
3766
3673
3767
3674
3768
3675
3769
3676
3770
3677
3771
3678
3772
3679
3773
3680
3774
3681
3775
3682
3776
3683
3777
3684
3778
3779
3686
3780
3687
3781
3688
3782
3689
3783
3690
3784
3691
3785
3692
3786
3693
3787
3694
3788
3695
3789
3696
3790
3697
3791
3698
3792
3699
3793
3700
3794
3701
3795
3702
3796
3703
3797
3704
3798
3705
3799
3706
3800
3707
3801
3708
3802
3709
3803
3710
3804
3711
3805
3712
3806
3713
3807
3714
3808
3715
3809
3716
3810
3717
3811
3718
3812
3719
3813
3720
3814
3721
3815
3722
3816
3723
3817
3724
3818
3725
3819
3726
3820
3727
3821
3728
3822
3729
3823
3730
3824
3731
3825
3732
3826
3733
3827
3734
3828
3735
3829
3736
3830
3737
3831
3738
3832
3739
3833
3740
3834
3741
3835
3742
3836
3743
3837
3744
3838
3745
3839
3746
3840
3747
3841
3748
3842
3749
3843
3750
3844
3751
3845
3752
3846
3753
3847
3754
3848
3755
3849
3756
3850
3757
3851
3758
3852
3759
3853
3760
3854
3761
3855
3762
3856
3763
3857
3764
3858
3765
3859
3766
3860
3767
3861
3768
3862
3769
3863
3770
3864
3771
3865
3772
3866
3773
3867
3774
3868
3775
3869
3776
3870
3777
3871
3778
3872
3779
3873
3874
3781
3875
3782
3876
3783
3877
3784
3878
3785
3879
3786
3880
3787
3881
3788
3882
3789
3883
3790
3884
3791
3885
3792
3886
3793
3887
3794
3888
3795
3889
3796
3890
3797
3891
3798
3892
3799
3893
3800
3894
3801
3895
3802
3896
3803
3897
3804
3898
3805
3899
3806
3900
3807
3901
3808
3902
3809
3903
3810
3904
3811
3905
3812
3906
3813
3907
3814
3908
3815
3909
3816
3910
3817
3911
3818
3912
3819
3913
3820
3914
3821
3915
3822
3916
3823
3917
3824
3918
3825
3919
3826
3920
3827
3921
3828
3922
3829
3923
3830
3924
3831
3925
3832
3926
3833
3927
3834
3928
3835
3929
3836
3930
3837
3931
3838
3932
3839
3933
3840
3934
3841
3935
3842
3936
3843
3937
3844
3938
3845
3939
3846
3940
3847
3941
3848
3942
3849
3943
3850
3944
3851
3945
3852
3946
3853
3947
3854
3948
3855
3949
3856
3950
3857
3951
3858
3952
3859
3953
3860
3954
3861
3955
3862
3956
3863
3957
3864
3958
3865
3959
3866
3960
3867
3961
3868
3962
3869
3963
3870
3964
3871
3965
3872
3966
3873
3967
3874
3968
3969
3876
3970
3877
3971
3878
3972
3879
3973
3880
3974
3881
3975
3882
3976
3883
3977
3884
3978
3885
3979
3886
3980
3887
3981
3888
3982
3889
3983
3890
3984
3891
3985
3892
3986
3893
3987
3894
3988
3895
3989
3896
3990
3897
3991
3898
3992
3899
3993
3900
3994
3901
3995
3902
3996
3903
3997
3904
3998
3905
3999
3906
4000
3907
4001
3908
4002
3909
4003
3910
4004
3911
4005
3912
4006
3913
4007
3914
4008
3915
4009
3916
4010
3917
4011
3918
4012
3919
4013
3920
4014
3921
4015
3922
4016
3923
4017
3924
4018
3925
4019
3926
4020
3927
4021
3928
4022
3929
4023
3930
4024
3931
4025
3932
4026
3933
4027
3934
4028
3935
4029
3936
4030
3937
4031
3938
4032
3939
4033
3940
4034
3941
4035
3942
4036
3943
4037
3944
4038
3945
4039
3946
4040
3947
4041
3948
4042
3949
4043
3950
4044
3951
4045
3952
4046
3953
4047
3954
4048
3955
4049
3956
4050
3957
4051
3958
4052
3959
4053
3960
4054
3961
4055
3962
4056
3963
4057
3964
4058
3965
4059
3966
4060
3967
4061
3968
4062
3969
4063
4064
3971
4065
3972
4066
3973
4067
3974
4068
3975
4069
3976
4070
3977
4071
3978
4072
3979
4073
3980
4074
3981
4075
3982
4076
3983
4077
3984
4078
3985
4079
3986
4080
3987
4081
3988
4082
3989
4083
3990
4084
3991
4085
3992
4086
3993
4087
3994
4088
3995
4089
3996
4090
3997
4091
3998
4092
3999
4093
4000
4094
4001
4095
4002
4096
4003
4097
4004
4098
4005
4099
4006
4100
4007
4101
4008
4102
4009
4103
4010
4104
4011
4105
4012
4106
4013
4107
4014
4108
4015
4109
4016
4110
4017
4111
4018
4112
4019
4113
4020
4114
4021
4115
4022
4116
4023
4117
4024
4118
4025
4119
4026
4120
4027
4121
4028
4122
4029
4123
4030
4124
4031
4125
4032
4126
4033
4127
4034
4128
4035
4129
4036
4130
4037
4131
4038
4132
4039
4133
4040
4134
4041
4135
4042
4136
4043
4137
4044
4138
4045
4139
4046
4140
4047
4141
4048
4142
4049
4143
4050
4144
4051
4145
4052
4146
4053
4147
4054
4148
4055
4149
4056
4150
4057
4151
4058
4152
4059
4153
4060
4154
4061
4155
4062
4156
4063
4157
4064
4158
4159
4066
4160
4067
4161
4068
4162
4069
4163
4070
4164
4071
4165
4072
4166
4073
4167
4074
4168
4075
4169
4076
4170
4077
4171
4078
4172
4079
4173
4080
4174
4081
4175
4082
4176
4083
4177
4084
4178
4085
4179
4086
4180
4087
4181
4088
4182
4089
4183
4090
4184
4091
4185
4092
4186
4093
4187
4094
4188
4095
4189
4096
4190
4097
4191
4098
4192
4099
4193
4100
4194
4101
4195
4102
4196
4103
4197
4104
4198
4105
4199
4106
4200
4107
4201
4108
4202
4109
4203
4110
4204
4111
4205
4112
4206
4113
4207
4114
4208
4115
4209
4116
4210
4117
4211
4118
4212
4119
4213
4120
4214
4121
4215
4122
4216
4123
4217
4124
4218
4125
4219
4126
4220
4127
4221
4128
4222
4129
4223
4130
4224
4131
4225
4132
4226
4133
4227
4134
4228
4135
4229
4136
4230
4137
4231
4138
4232
4139
4233
4140
4234
4141
4235
4142
4236
4143
4237
4144
4238
4145
4239
4146
4240
4147
4241
4148
4242
4149
4243
4150
4244
4151
4245
4152
4246
4153
4247
4154
4248
4155
4249
4156
4250
4157
4251
4158
4252
4159
4253
4254
4161
4255
4162
4256
4163
4257
4164
4258
4165
4259
4166
4260
4167
4261
4168
4262
4169
4263
4170
4264
4171
4265
4172
4266
4173
4267
4174
4268
4175
4269
4176
4270
4177
4271
4178
4272
4179
4273
4180
4274
4181
4275
4182
4276
4183
4277
4184
4278
4185
4279
4186
4280
4187
4281
4188
4282
4189
4283
4190
4284
4191
4285
4192
4286
4193
4287
4194
4288
4195
4289
4196
4290
4197
4291
4198
4292
4199
4293
4200
4294
4201
4295
4202
4296
4203
4297
4204
4298
4205
4299
4206
4300
4207
4301
4208
4302
4209
4303
4210
4304
4211
4305
4212
4306
4213
4307
4214
4308
4215
4309
4216
4310
4217
4311
4218
4312
4219
4313
4220
4314
4221
4315
4222
4316
4223
4317
4224
4318
4225
4319
4226
4320
4227
4321
4228
4322
4229
4323
4230
4324
4231
4325
4232
4326
4233
4327
4234
4328
4235
4329
4236
4330
4237
4331
4238
4332
4239
4333
4240
4334
4241
4335
4242
4336
4243
4337
4244
4338
4245
4339
4246
4340
4247
4341
4248
4342
4249
4343
4250
4344
4251
4345
4252
4346
4253
4347
4254
4348
4349
4256
4350
4257
4351
4258
4352
4259
4353
4260
4354
4261
4355
4262
4356
4263
4357
4264
4358
4265
4359
4266
4360
4267
4361
4268
4362
4269
4363
4270
4364
4271
4365
4272
4366
4273
4367
4274
4368
4275
4369
4276
4370
4277
4371
4278
4372
4279
4373
4280
4374
4281
4375
4282
4376
4283
4377
4284
4378
4285
4379
4286
4380
4287
4381
4288
4382
4289
4383
4290
4384
4291
4385
4292
4386
4293
4387
4294
4388
4295
4389
4296
4390
4297
4391
4298
4392
4299
4393
4300
4394
4301
4395
4302
4396
4303
4397
4304
4398
4305
4399
4306
4400
4307
4401
4308
4402
4309
4403
4310
4404
4311
4405
4312
4406
4313
4407
4314
4408
4315
4409
4316
4410
4317
4411
4318
4412
4319
4413
4320
4414
4321
4415
4322
4416
4323
4417
4324
4418
4325
4419
4326
4420
4327
4421
4328
4422
4329
4423
4330
4424
4331
4425
4332
4426
4333
4427
4334
4428
4335
4429
4336
4430
4337
4431
4338
4432
4339
4433
4340
4434
4341
4435
4342
4436
4343
4437
4344
4438
4345
4439
4346
4440
4347
4441
4348
4442
4349
4443
4444
4351
4445
4352
4446
4353
4447
4354
4448
4355
4449
4356
4450
4357
4451
4358
4452
4359
4453
4360
4454
4361
4455
4362
4456
4363
4457
4364
4458
4365
4459
4366
4460
4367
4461
4368
4462
4369
4463
4370
4464
4371
4465
4372
4466
4373
4467
4374
4468
4375
4469
4376
4470
4377
4471
4378
4472
4379
4473
4380
4474
4381
4475
4382
4476
4383
4477
4384
4478
4385
4479
4386
4480
4387
4481
4388
4482
4389
4483
4390
4484
4391
4485
4392
4486
4393
4487
4394
4488
4395
4489
4396
4490
4397
4491
4398
4492
4399
4493
4400
4494
4401
4495
4402
4496
4403
4497
4404
4498
4405
4499
4406
4500
4407
4501
4408
4502
4409
4503
4410
4504
4411
4505
4412
4506
4413
4507
4414
4508
4415
4509
4416
4510
4417
4511
4418
4512
4419
4513
4420
4514
4421
4515
4422
4516
4423
4517
4424
4518
4425
4519
4426
4520
4427
4521
4428
4522
4429
4523
4430
4524
4431
4525
4432
4526
4433
4527
4434
4528
4435
4529
4436
4530
4437
4531
4438
4532
4439
4533
4440
4534
4441
4535
4442
4536
4443
4537
4444
4538
4539
4446
4540
4447
4541
4448
4542
4449
4543
4450
4544
4451
4545
4452
4546
4453
4547
4454
4548
4455
4549
4456
4550
4457
4551
4458
4552
4459
4553
4460
4554
4461
4555
4462
4556
4463
4557
4464
4558
4465
4559
4466
4560
4467
4561
4468
4562
4469
4563
4470
4564
4471
4565
4472
4566
4473
4567
4474
4568
4475
4569
4476
4570
4477
4571
4478
4572
4479
4573
4480
4574
4481
4575
4482
4576
4483
4577
4484
4578
4485
4579
4486
4580
4487
4581
4488
4582
4489
4583
4490
4584
4491
4585
4492
4586
4493
4587
4494
4588
4495
4589
4496
4590
4497
4591
4498
4592
4499
4593
4500
4594
4501
4595
4502
4596
4503
4597
4504
4598
4505
4599
4506
4600
4507
4601
4508
4602
4509
4603
4510
4604
4511
4605
4512
4606
4513
4607
4514
4608
4515
4609
4516
4610
4517
4611
4518
4612
4519
4613
4520
4614
4521
4615
4522
4616
4523
4617
4524
4618
4525
4619
4526
4620
4527
4621
4528
4622
4529
4623
4530
4624
4531
4625
4532
4626
4533
4627
4534
4628
4535
4629
4536
4630
4537
4631
4538
4632
4539
4633
4634
4541
4635
4542
4636
4543
4637
4544
4638
4545
4639
4546
4640
4547
4641
4548
4642
4549
4643
4550
4644
4551
4645
4552
4646
4553
4647
4554
4648
4555
4649
4556
4650
4557
4651
4558
4652
4559
4653
4560
4654
4561
4655
4562
4656
4563
4657
4564
4658
4565
4659
4566
4660
4567
4661
4568
4662
4569
4663
4570
4664
4571
4665
4572
4666
4573
4667
4574
4668
4575
4669
4576
4670
4577
4671
4578
4672
4579
4673
4580
4674
4581
4675
4582
4676
4583
4677
4584
4678
4585
4679
4586
4680
4587
4681
4588
4682
4589
4683
4590
4684
4591
4685
4592
4686
4593
4687
4594
4688
4595
4689
4596
4690
4597
4691
4598
4692
4599
4693
4600
4694
4601
4695
4602
4696
4603
4697
4604
4698
4605
4699
4606
4700
4607
4701
4608
4702
4609
4703
4610
4704
4611
4705
4612
4706
4613
4707
4614
4708
4615
4709
4616
4710
4617
4711
4618
4712
4619
4713
4620
4714
4621
4715
4622
4716
4623
4717
4624
4718
4625
4719
4626
4720
4627
4721
4628
4722
4629
4723
4630
4724
4631
4725
4632
4726
4633
4727
4634
4728
4729
4636
4730
4637
4731
4638
4732
4639
4733
4640
4734
4641
4735
4642
4736
4643
4737
4644
4738
4645
4739
4646
4740
4647
4741
4648
4742
4649
4743
4650
4744
4651
4745
4652
4746
4653
4747
4654
4748
4655
4749
4656
4750
4657
4751
4658
4752
4659
4753
4660
4754
4661
4755
4662
4756
4663
4757
4664
4758
4665
4759
4666
4760
4667
4761
4668
4762
4669
4763
4670
4764
4671
4765
4672
4766
4673
4767
4674
4768
4675
4769
4676
4770
4677
4771
4678
4772
4679
4773
4680
4774
4681
4775
4682
4776
4683
4777
4684
4778
4685
4779
4686
4780
4687
4781
4688
4782
4689
4783
4690
4784
4691
4785
4692
4786
4693
4787
4694
4788
4695
4789
4696
4790
4697
4791
4698
4792
4699
4793
4700
4794
4701
4795
4702
4796
4703
4797
4704
4798
4705
4799
4706
4800
4707
4801
4708
4802
4709
4803
4710
4804
4711
4805
4712
4806
4713
4807
4714
4808
4715
4809
4716
4810
4717
4811
4718
4812
4719
4813
4720
4814
4721
4815
4722
4816
4723
4817
4724
4818
4725
4819
4726
4820
4727
4821
4728
4822
4729
4823
4824
4731
4825
4732
4826
4733
4827
4734
4828
4735
4829
4736
4830
4737
4831
4738
4832
4739
4833
4740
4834
4741
4835
4742
4836
4743
4837
4744
4838
4745
4839
4746
4840
4747
4841
4748
4842
4749
4843
4750
4844
4751
4845
4752
4846
4753
4847
4754
4848
4755
4849
4756
4850
4757
4851
4758
4852
4759
4853
4760
4854
4761
4855
4762
4856
4763
4857
4764
4858
4765
4859
4766
4860
4767
4861
4768
4862
4769
4863
4770
4864
4771
4865
4772
4866
4773
4867
4774
4868
4775
4869
4776
4870
4777
4871
4778
4872
4779
4873
4780
4874
4781
4875
4782
4876
4783
4877
4784
4878
4785
4879
4786
4880
4787
4881
4788
4882
4789
4883
4790
4884
4791
4885
4792
4886
4793
4887
4794
4888
4795
4889
4796
4890
4797
4891
4798
4892
4799
4893
4800
4894
4801
4895
4802
4896
4803
4897
4804
4898
4805
4899
4806
4900
4807
4901
4808
4902
4809
4903
4810
4904
4811
4905
4812
4906
4813
4907
4814
4908
4815
4909
4816
4910
4817
4911
4818
4912
4819
4913
4820
4914
4821
4915
4822
4916
4823
4917
4824
4918
4919
4826
4827
4828
4829
4830
4831
4832
4833
4834
4835
4836
4837
4838
4839
4840
4841
4842
4843
4844
4845
4846
4847
4848
4849
4850
4851
4852
4853
4854
4855
4856
4857
4858
4859
4860
4861
4862
4863
4864
4865
4866
4867
4868
4869
4870
4871
4872
4873
4874
4875
4876
4877
4878
4879
4880
4881
4882
4883
4884
4885
4886
4887
4888
4889
4890
4891
4892
4893
4894
4895
4896
4897
4898
4899
4900
4901
4902
4903
4904
4905
4906
4907
4908
4909
4910
4911
4912
4913
4914
4915
4916
4917
4918
4919
4921
5015
4922
5016
4923
5017
4924
5018
4925
5019
4926
5020
4927
5021
4928
5022
4929
5023
4930
5024
4931
5025
4932
5026
4933
5027
4934
5028
4935
5029
4936
5030
4937
5031
4938
5032
4939
5033
4940
5034
4941
5035
4942
5036
4943
5037
4944
5038
4945
5039
4946
5040
4947
5041
4948
5042
4949
5043
4950
5044
4951
5045
4952
5046
4953
5047
4954
5048
4955
5049
4956
5050
4957
5051
4958
5052
4959
5053
4960
5054
4961
5055
4962
5056
4963
5057
4964
5058
4965
5059
4966
5060
4967
5061
4968
5062
4969
5063
4970
5064
4971
5065
4972
5066
4973
5067
4974
5068
4975
5069
4976
5070
4977
5071
4978
5072
4979
5073
4980
5074
4981
5075
4982
5076
4983
5077
4984
5078
4985
5079
4986
5080
4987
5081
4988
5082
4989
5083
4990
5084
4991
5085
4992
5086
4993
5087
4994
5088
4995
5089
4996
5090
4997
5091
4998
5092
4999
5093
5000
5094
5001
5095
5002
5096
5003
5097
5004
5098
5005
5099
5006
5100
5007
5101
5008
5102
5009
5103
5010
5104
5011
5105
5012
5106
5013
5107
5014
5108
5109
5016
5110
5017
5111
5018
5112
5019
5113
5020
5114
5021
5115
5022
5116
5023
5117
5024
5118
5025
5119
5026
5120
5027
5121
5028
5122
5029
5123
5030
5124
5031
5125
5032
5126
5033
5127
5034
5128
5035
5129
5036
5130
5037
5131
5038
5132
5039
5133
5040
5134
5041
5135
5042
5136
5043
5137
5044
5138
5045
5139
5046
5140
5047
5141
5048
5142
5049
5143
5050
5144
5051
5145
5052
5146
5053
5147
5054
5148
5055
5149
5056
5150
5057
5151
5058
5152
5059
5153
5060
5154
5061
5155
5062
5156
5063
5157
5064
5158
5065
5159
5066
5160
5067
5161
5068
5162
5069
5163
5070
5164
5071
5165
5072
5166
5073
5167
5074
5168
5075
5169
5076
5170
5077
5171
5078
5172
5079
5173
5080
5174
5081
5175
5082
5176
5083
5177
5084
5178
5085
5179
5086
5180
5087
5181
5088
5182
5089
5183
5090
5184
5091
5185
5092
5186
5093
5187
5094
5188
5095
5189
5096
5190
5097
5191
5098
5192
5099
5193
5100
5194
5101
5195
5102
5196
5103
5197
5104
5198
5105
5199
5106
5200
5107
5201
5108
5202
5109
5203
5204
5111
5205
5112
5206
5113
5207
5114
5208
5115
5209
5116
5210
5117
5211
5118
5212
5119
5213
5120
5214
5121
5215
5122
5216
5123
5217
5124
5218
5125
5219
5126
5220
5127
5221
5128
5222
5129
5223
5130
5224
5131
5225
5132
5226
5133
5227
5134
5228
5135
5229
5136
5230
5137
5231
5138
5232
5139
5233
5140
5234
5141
5235
5142
5236
5143
5237
5144
5238
5145
5239
5146
5240
5147
5241
5148
5242
5149
5243
5150
5244
5151
5245
5152
5246
5153
5247
5154
5248
5155
5249
5156
5250
5157
5251
5158
5252
5159
5253
5160
5254
5161
5255
5162
5256
5163
5257
5164
5258
5165
5259
5166
5260
5167
5261
5168
5262
5169
5263
5170
5264
5171
5265
5172
5266
5173
5267
5174
5268
5175
5269
5176
5270
5177
5271
5178
5272
5179
5273
5180
5274
5181
5275
5182
5276
5183
5277
5184
5278
5185
5279
5186
5280
5187
5281
5188
5282
5189
5283
5190
5284
5191
5285
5192
5286
5193
5287
5194
5288
5195
5289
5196
5290
5197
5291
5198
5292
5199
5293
5200
5294
5201
5295
5202
5296
5203
5297
5204
5298
5299
5206
5300
5207
5301
5208
5302
5209
5303
5210
5304
5211
5305
5212
5306
5213
5307
5214
5308
5215
5309
5216
5310
5217
5311
5218
5312
5219
5313
5220
5314
5221
5315
5222
5316
5223
5317
5224
5318
5225
5319
5226
5320
5227
5321
5228
5322
5229
5323
5230
5324
5231
5325
5232
5326
5233
5327
5234
5328
5235
5329
5236
5330
5237
5331
5238
5332
5239
5333
5240
5334
5241
5335
5242
5336
5243
5337
5244
5338
5245
5339
5246
5340
5247
5341
5248
5342
5249
5343
5250
5344
5251
5345
5252
5346
5253
5347
5254
5348
5255
5349
5256
5350
5257
5351
5258
5352
5259
5353
5260
5354
5261
5355
5262
5356
5263
5357
5264
5358
5265
5359
5266
5360
5267
5361
5268
5362
5269
5363
5270
5364
5271
5365
5272
5366
5273
5367
5274
5368
5275
5369
5276
5370
5277
5371
5278
5372
5279
5373
5280
5374
5281
5375
5282
5376
5283
5377
5284
5378
5285
5379
5286
5380
5287
5381
5288
5382
5289
5383
5290
5384
5291
5385
5292
5386
5293
5387
5294
5388
5295
5389
5296
5390
5297
5391
5298
5392
5299
5393
5394
5301
5395
5302
5396
5303
5397
5304
5398
5305
5399
5306
5400
5307
5401
5308
5402
5309
5403
5310
5404
5311
5405
5312
5406
5313
5407
5314
5408
5315
5409
5316
5410
5317
5411
5318
5412
5319
5413
5320
5414
5321
5415
5322
5416
5323
5417
5324
5418
5325
5419
5326
5420
5327
5421
5328
5422
5329
5423
5330
5424
5331
5425
5332
5426
5333
5427
5334
5428
5335
5429
5336
5430
5337
5431
5338
5432
5339
5433
5340
5434
5341
5435
5342
5436
5343
5437
5344
5438
5345
5439
5346
5440
5347
5441
5348
5442
5349
5443
5350
5444
5351
5445
5352
5446
5353
5447
5354
5448
5355
5449
5356
5450
5357
5451
5358
5452
5359
5453
5360
5454
5361
5455
5362
5456
5363
5457
5364
5458
5365
5459
5366
5460
5367
5461
5368
5462
5369
5463
5370
5464
5371
5465
5372
5466
5373
5467
5374
5468
5375
5469
5376
5470
5377
5471
5378
5472
5379
5473
5380
5474
5381
5475
5382
5476
5383
5477
5384
5478
5385
5479
5386
5480
5387
5481
5388
5482
5389
5483
5390
5484
5391
5485
5392
5486
5393
5487
5394
5488
5489
5396
5490
5397
5491
5398
5492
5399
5493
5400
5494
5401
5495
5402
5496
5403
5497
5404
5498
5405
5499
5406
5500
5407
5501
5408
5502
5409
5503
5410
5504
5411
5505
5412
5506
5413
5507
5414
5508
5415
5509
5416
5510
5417
5511
5418
5512
5419
5513
5420
5514
5421
5515
5422
5516
5423
5517
5424
5518
5425
5519
5426
5520
5427
5521
5428
5522
5429
5523
5430
5524
5431
5525
5432
5526
5433
5527
5434
5528
5435
5529
5436
5530
5437
5531
5438
5532
5439
5533
5440
5534
5441
5535
5442
5536
5443
5537
5444
5538
5445
5539
5446
5540
5447
5541
5448
5542
5449
5543
5450
5544
5451
5545
5452
5546
5453
5547
5454
5548
5455
5549
5456
5550
5457
5551
5458
5552
5459
5553
5460
5554
5461
5555
5462
5556
5463
5557
5464
5558
5465
5559
5466
5560
5467
5561
5468
5562
5469
5563
5470
5564
5471
5565
5472
5566
5473
5567
5474
5568
5475
5569
5476
5570
5477
5571
5478
5572
5479
5573
5480
5574
5481
5575
5482
5576
5483
5577
5484
5578
5485
5579
5486
5580
5487
5581
5488
5582
5489
5583
5584
5491
5585
5492
5586
5493
5587
5494
5588
5495
5589
5496
5590
5497
5591
5498
5592
5499
5593
5500
5594
5501
5595
5502
5596
5503
5597
5504
5598
5505
5599
5506
5600
5507
5601
5508
5602
5509
5603
5510
5604
5511
5605
5512
5606
5513
5607
5514
5608
5515
5609
5516
5610
5517
5611
5518
5612
5519
5613
5520
5614
5521
5615
5522
5616
5523
5617
5524
5618
5525
5619
5526
5620
5527
5621
5528
5622
5529
5623
5530
5624
5531
5625
5532
5626
5533
5627
5534
5628
5535
5629
5536
5630
5537
5631
5538
5632
5539
5633
5540
5634
5541
5635
5542
5636
5543
5637
5544
5638
5545
5639
5546
5640
5547
5641
5548
5642
5549
5643
5550
5644
5551
5645
5552
5646
5553
5647
5554
5648
5555
5649
5556
5650
5557
5651
5558
5652
5559
5653
5560
5654
5561
5655
5562
5656
5563
5657
5564
5658
5565
5659
5566
5660
5567
5661
5568
5662
5569
5663
5570
5664
5571
5665
5572
5666
5573
5667
5574
5668
5575
5669
5576
5670
5577
5671
5578
5672
5579
5673
5580
5674
5581
5675
5582
5676
5583
5677
5584
5678
5679
5586
5680
5587
5681
5588
5682
5589
5683
5590
5684
5591
5685
5592
5686
5593
5687
5594
5688
5595
5689
5596
5690
5597
5691
5598
5692
5599
5693
5600
5694
5601
5695
5602
5696
5603
5697
5604
5698
5605
5699
5606
5700
5607
5701
5608
5702
5609
5703
5610
5704
5611
5705
5612
5706
5613
5707
5614
5708
5615
5709
5616
5710
5617
5711
5618
5712
5619
5713
5620
5714
5621
5715
5622
5716
5623
5717
5624
5718
5625
5719
5626
5720
5627
5721
5628
5722
5629
5723
5630
5724
5631
5725
5632
5726
5633
5727
5634
5728
5635
5729
5636
5730
5637
5731
5638
5732
5639
5733
5640
5734
5641
5735
5642
5736
5643
5737
5644
5738
5645
5739
5646
5740
5647
5741
5648
5742
5649
5743
5650
5744
5651
5745
5652
5746
5653
5747
5654
5748
5655
5749
5656
5750
5657
5751
5658
5752
5659
5753
5660
5754
5661
5755
5662
5756
5663
5757
5664
5758
5665
5759
5666
5760
5667
5761
5668
5762
5669
5763
5670
5764
5671
5765
5672
5766
5673
5767
5674
5768
5675
5769
5676
5770
5677
5771
5678
5772
5679
5773
5774
5681
5775
5682
5776
5683
5777
5684
5778
5685
5779
5686
5780
5687
5781
5688
5782
5689
5783
5690
5784
5691
5785
5692
5786
5693
5787
5694
5788
5695
5789
5696
5790
5697
5791
5698
5792
5699
5793
5700
5794
5701
5795
5702
5796
5703
5797
5704
5798
5705
5799
5706
5800
5707
5801
5708
5802
5709
5803
5710
5804
5711
5805
5712
5806
5713
5807
5714
5808
5715
5809
5716
5810
5717
5811
5718
5812
5719
5813
5720
5814
5721
5815
5722
5816
5723
5817
5724
5818
5725
5819
5726
5820
5727
5821
5728
5822
5729
5823
5730
5824
5731
5825
5732
5826
5733
5827
5734
5828
5735
5829
5736
5830
5737
5831
5738
5832
5739
5833
5740
5834
5741
5835
5742
5836
5743
5837
5744
5838
5745
5839
5746
5840
5747
5841
5748
5842
5749
5843
5750
5844
5751
5845
5752
5846
5753
5847
5754
5848
5755
5849
5756
5850
5757
5851
5758
5852
5759
5853
5760
5854
5761
5855
5762
5856
5763
5857
5764
5858
5765
5859
5766
5860
5767
5861
5768
5862
5769
5863
5770
5864
5771
5865
5772
5866
5773
5867
5774
5868
5869
5776
5870
5777
5871
5778
5872
5779
5873
5780
5874
5781
5875
5782
5876
5783
5877
5784
5878
5785
5879
5786
5880
5787
5881
5788
5882
5789
5883
5790
5884
5791
5885
5792
5886
5793
5887
5794
5888
5795
5889
5796
5890
5797
5891
5798
5892
5799
5893
5800
5894
5801
5895
5802
5896
5803
5897
5804
5898
5805
5899
5806
5900
5807
5901
5808
5902
5809
5903
5810
5904
5811
5905
5812
5906
5813
5907
5814
5908
5815
5909
5816
5910
5817
5911
5818
5912
5819
5913
5820
5914
5821
5915
5822
5916
5823
5917
5824
5918
5825
5919
5826
5920
5827
5921
5828
5922
5829
5923
5830
5924
5831
5925
5832
5926
5833
5927
5834
5928
5835
5929
5836
5930
5837
5931
5838
5932
5839
5933
5840
5934
5841
5935
5842
5936
5843
5937
5844
5938
5845
5939
5846
5940
5847
5941
5848
5942
5849
5943
5850
5944
5851
5945
5852
5946
5853
5947
5854
5948
5855
5949
5856
5950
5857
5951
5858
5952
5859
5953
5860
5954
5861
5955
5862
5956
5863
5957
5864
5958
5865
5959
5866
5960
5867
5961
5868
5962
5869
5963
5964
5871
5965
5872
5966
5873
5967
5874
5968
5875
5969
5876
5970
5877
5971
5878
5972
5879
5973
5880
5974
5881
5975
5882
5976
5883
5977
5884
5978
5885
5979
5886
5980
5887
5981
5888
5982
5889
5983
5890
5984
5891
5985
5892
5986
5893
5987
5894
5988
5895
5989
5896
5990
5897
5991
5898
5992
5899
5993
5900
5994
5901
5995
5902
5996
5903
5997
5904
5998
5905
5999
5906
6000
5907
6001
5908
6002
5909
6003
5910
6004
5911
6005
5912
6006
5913
6007
5914
6008
5915
6009
5916
6010
5917
6011
5918
6012
5919
6013
5920
6014
5921
6015
5922
6016
5923
6017
5924
6018
5925
6019
5926
6020
5927
6021
5928
6022
5929
6023
5930
6024
5931
6025
5932
6026
5933
6027
5934
6028
5935
6029
5936
6030
5937
6031
5938
6032
5939
6033
5940
6034
5941
6035
5942
6036
5943
6037
5944
6038
5945
6039
5946
6040
5947
6041
5948
6042
5949
6043
5950
6044
5951
6045
5952
6046
5953
6047
5954
6048
5955
6049
5956
6050
5957
6051
5958
6052
5959
6053
5960
6054
5961
6055
5962
6056
5963
6057
5964
6058
6059
5966
6060
5967
6061
5968
6062
5969
6063
5970
6064
5971
6065
5972
6066
5973
6067
5974
6068
5975
6069
5976
6070
5977
6071
5978
6072
5979
6073
5980
6074
5981
6075
5982
6076
5983
6077
5984
6078
5985
6079
5986
6080
5987
6081
5988
6082
5989
6083
5990
6084
5991
6085
5992
6086
5993
6087
5994
6088
5995
6089
5996
6090
5997
6091
5998
6092
5999
6093
6000
6094
6001
6095
6002
6096
6003
6097
6004
6098
6005
6099
6006
6100
6007
6101
6008
6102
6009
6103
6010
6104
6011
6105
6012
6106
6013
6107
6014
6108
6015
6109
6016
6110
6017
6111
6018
6112
6019
6113
6020
6114
6021
6115
6022
6116
6023
6117
6024
6118
6025
6119
6026
6120
6027
6121
6028
6122
6029
6123
6030
6124
6031
6125
6032
6126
6033
6127
6034
6128
6035
6129
6036
6130
6037
6131
6038
6132
6039
6133
6040
6134
6041
6135
6042
6136
6043
6137
6044
6138
6045
6139
6046
6140
6047
6141
6048
6142
6049
6143
6050
6144
6051
6145
6052
6146
6053
6147
6054
6148
6055
6149
6056
6150
6057
6151
6058
6152
6059
6153
6154
6061
6155
6062
6156
6063
6157
6064
6158
6065
6159
6066
6160
6067
6161
6068
6162
6069
6163
6070
6164
6071
6165
6072
6166
6073
6167
6074
6168
6075
6169
6076
6170
6077
6171
6078
6172
6079
6173
6080
6174
6081
6175
6082
6176
6083
6177
6084
6178
6085
6179
6086
6180
6087
6181
6088
6182
6089
6183
6090
6184
6091
6185
6092
6186
6093
6187
6094
6188
6095
6189
6096
6190
6097
6191
6098
6192
6099
6193
6100
6194
6101
6195
6102
6196
6103
6197
6104
6198
6105
6199
6106
6200
6107
6201
6108
6202
6109
6203
6110
6204
6111
6205
6112
6206
6113
6207
6114
6208
6115
6209
6116
6210
6117
6211
6118
6212
6119
6213
6120
6214
6121
6215
6122
6216
6123
6217
6124
6218
6125
6219
6126
6220
6127
6221
6128
6222
6129
6223
6130
6224
6131
6225
6132
6226
6133
6227
6134
6228
6135
6229
6136
6230
6137
6231
6138
6232
6139
6233
6140
6234
6141
6235
6142
6236
6143
6237
6144
6238
6145
6239
6146
6240
6147
6241
6148
6242
6149
6243
6150
6244
6151
6245
6152
6246
6153
6247
6154
6248
6249
6156
6250
6157
6251
6158
6252
6159
6253
6160
6254
6161
6255
6162
6256
6163
6257
6164
6258
6165
6259
6166
6260
6167
6261
6168
6262
6169
6263
6170
6264
6171
6265
6172
6266
6173
6267
6174
6268
6175
6269
6176
6270
6177
6271
6178
6272
6179
6273
6180
6274
6181
6275
6182
6276
6183
6277
6184
6278
6185
6279
6186
6280
6187
6281
6188
6282
6189
6283
6190
6284
6191
6285
6192
6286
6193
6287
6194
6288
6195
6289
6196
6290
6197
6291
6198
6292
6199
6293
6200
6294
6201
6295
6202
6296
6203
6297
6204
6298
6205
6299
6206
6300
6207
6301
6208
6302
6209
6303
6210
6304
6211
6305
6212
6306
6213
6307
6214
6308
6215
6309
6216
6310
6217
6311
6218
6312
6219
6313
6220
6314
6221
6315
6222
6316
6223
6317
6224
6318
6225
6319
6226
6320
6227
6321
6228
6322
6229
6323
6230
6324
6231
6325
6232
6326
6233
6327
6234
6328
6235
6329
6236
6330
6237
6331
6238
6332
6239
6333
6240
6334
6241
6335
6242
6336
6243
6337
6244
6338
6245
6339
6246
6340
6247
6341
6248
6342
6249
6343
6344
6251
6345
6252
6346
6253
6347
6254
6348
6255
6349
6256
6350
6257
6351
6258
6352
6259
6353
6260
6354
6261
6355
6262
6356
6263
6357
6264
6358
6265
6359
6266
6360
6267
6361
6268
6362
6269
6363
6270
6364
6271
6365
6272
6366
6273
6367
6274
6368
6275
6369
6276
6370
6277
6371
6278
6372
6279
6373
6280
6374
6281
6375
6282
6376
6283
6377
6284
6378
6285
6379
6286
6380
6287
6381
6288
6382
6289
6383
6290
6384
6291
6385
6292
6386
6293
6387
6294
6388
6295
6389
6296
6390
6297
6391
6298
6392
6299
6393
6300
6394
6301
6395
6302
6396
6303
6397
6304
6398
6305
6399
6306
6400
6307
6401
6308
6402
6309
6403
6310
6404
6311
6405
6312
6406
6313
6407
6314
6408
6315
6409
6316
6410
6317
6411
6318
6412
6319
6413
6320
6414
6321
6415
6322
6416
6323
6417
6324
6418
6325
6419
6326
6420
6327
6421
6328
6422
6329
6423
6330
6424
6331
6425
6332
6426
6333
6427
6334
6428
6335
6429
6336
6430
6337
6431
6338
6432
6339
6433
6340
6434
6341
6435
6342
6436
6343
6437
6344
6438
6439
6346
6440
6347
6441
6348
6442
6349
6443
6350
6444
6351
6445
6352
6446
6353
6447
6354
6448
6355
6449
6356
6450
6357
6451
6358
6452
6359
6453
6360
6454
6361
6455
6362
6456
6363
6457
6364
6458
6365
6459
6366
6460
6367
6461
6368
6462
6369
6463
6370
6464
6371
6465
6372
6466
6373
6467
6374
6468
6375
6469
6376
6470
6377
6471
6378
6472
6379
6473
6380
6474
6381
6475
6382
6476
6383
6477
6384
6478
6385
6479
6386
6480
6387
6481
6388
6482
6389
6483
6390
6484
6391
6485
6392
6486
6393
6487
6394
6488
6395
6489
6396
6490
6397
6491
6398
6492
6399
6493
6400
6494
6401
6495
6402
6496
6403
6497
6404
6498
6405
6499
6406
6500
6407
6501
6408
6502
6409
6503
6410
6504
6411
6505
6412
6506
6413
6507
6414
6508
6415
6509
6416
6510
6417
6511
6418
6512
6419
6513
6420
6514
6421
6515
6422
6516
6423
6517
6424
6518
6425
6519
6426
6520
6427
6521
6428
6522
6429
6523
6430
6524
6431
6525
6432
6526
6433
6527
6434
6528
6435
6529
6436
6530
6437
6531
6438
6532
6439
6533
6534
6441
6442
6443
6444
6445
6446
6447
6448
6449
6450
6451
6452
6453
6454
6455
6456
6457
6458
6459
6460
6461
6462
6463
6464
6465
6466
6467
6468
6469
6470
6471
6472
6473
6474
6475
6476
6477
6478
6479
6480
6481
6482
6483
6484
6485
6486
6487
6488
6489
6490
6491
6492
6493
6494
6495
6496
6497
6498
6499
6500
6501
6502
6503
6504
6505
6506
6507
6508
6509
6510
6511
6512
6513
6514
6515
6516
6517
6518
6519
6520
6521
6522
6523
6524
6525
6526
6527
6528
6529
6530
6531
6532
6533
6534
)


// ************************************************************************* //
